State 01
Initial
1 5 3
7 0 4
6 8 2

L
1 5 3
0 7 4
6 8 2

U
0 5 3
1 7 4
6 8 2

R
5 0 3
1 7 4
6 8 2

R
5 3 0
1 7 4
6 8 2

D
5 3 4
1 7 0
6 8 2

D
5 3 4
1 7 2
6 8 0

L
5 3 4
1 7 2
6 0 8

U
5 3 4
1 0 2
6 7 8

U
5 0 4
1 3 2
6 7 8

L
0 5 4
1 3 2
6 7 8

D
1 5 4
0 3 2
6 7 8

R
1 5 4
3 0 2
6 7 8

U
1 0 4
3 5 2
6 7 8

R
1 4 0
3 5 2
6 7 8

D
1 4 2
3 5 0
6 7 8

L
1 4 2
3 0 5
6 7 8

U
1 0 2
3 4 5
6 7 8

L
0 1 2
3 4 5
6 7 8
(Goal State)

================================

State 02
Initial
4 5 3
6 7 1
2 8 0

L
4 5 3
6 7 1
2 0 8

L
4 5 3
6 7 1
0 2 8

U
4 5 3
0 7 1
6 2 8

R
4 5 3
7 0 1
6 2 8

U
4 0 3
7 5 1
6 2 8

R
4 3 0
7 5 1
6 2 8

D
4 3 1
7 5 0
6 2 8

L
4 3 1
7 0 5
6 2 8

D
4 3 1
7 2 5
6 0 8

R
4 3 1
7 2 5
6 8 0

U
4 3 1
7 2 0
6 8 5

L
4 3 1
7 0 2
6 8 5

L
4 3 1
0 7 2
6 8 5

U
0 3 1
4 7 2
6 8 5

R
3 0 1
4 7 2
6 8 5

R
3 1 0
4 7 2
6 8 5

D
3 1 2
4 7 0
6 8 5

D
3 1 2
4 7 5
6 8 0

L
3 1 2
4 7 5
6 0 8

U
3 1 2
4 0 5
6 7 8

L
3 1 2
0 4 5
6 7 8

U
0 1 2
3 4 5
6 7 8
(Goal State)